0	transitions	0	-2.2921581268310547
0	transitions	1	0.5067781805992126
0	transitions	2	2.97499680519104
0	transitions	3	0.5237108469009399
0	transitions	4	0.8441877961158752
0	transitions	5	-0.24058395624160767
0	transitions	6	0.689823567867279
0	transitions	7	-0.5150750279426575
0	transitions	8	0.607787549495697
0	transitions	9	0.6750110387802124
0	embedding2nn.weight	0	0.07365955412387848
0	embedding2nn.weight	1	0.23005087673664093
0	embedding2nn.weight	2	0.049720603972673416
0	embedding2nn.weight	3	-0.05219065397977829
0	embedding2nn.weight	4	-0.006049064453691244
0	embedding2nn.weight	5	-0.031241286545991898
0	embedding2nn.weight	6	0.1434507519006729
0	embedding2nn.weight	7	0.07968417555093765
0	embedding2nn.weight	8	-0.15481798350811005
0	embedding2nn.weight	9	-0.06516602635383606
0	embedding2nn.bias	0	0.01062361802905798
0	embedding2nn.bias	1	0.08879633992910385
0	embedding2nn.bias	2	0.10174007713794708
0	embedding2nn.bias	3	0.1656782329082489
0	embedding2nn.bias	4	0.15698957443237305
0	embedding2nn.bias	5	0.11638861149549484
0	embedding2nn.bias	6	-0.014962523244321346
0	embedding2nn.bias	7	-0.167551651597023
0	embedding2nn.bias	8	0.3395519256591797
0	embedding2nn.bias	9	-0.038337014615535736
0	rnn.weight_ih_l0	0	0.030350511893630028
0	rnn.weight_ih_l0	1	-0.003908898215740919
0	rnn.weight_ih_l0	2	0.02703644149005413
0	rnn.weight_ih_l0	3	-0.050157830119132996
0	rnn.weight_ih_l0	4	-0.03247639164328575
0	rnn.weight_ih_l0	5	0.030953358858823776
0	rnn.weight_ih_l0	6	-0.01970564015209675
0	rnn.weight_ih_l0	7	0.02450701780617237
0	rnn.weight_ih_l0	8	-0.06471045315265656
0	rnn.weight_ih_l0	9	-0.02221669629216194
0	rnn.weight_hh_l0	0	0.006838555447757244
0	rnn.weight_hh_l0	1	0.05287768691778183
0	rnn.weight_hh_l0	2	-0.037697188556194305
0	rnn.weight_hh_l0	3	0.006589660421013832
0	rnn.weight_hh_l0	4	0.009154118597507477
0	rnn.weight_hh_l0	5	0.01018900889903307
0	rnn.weight_hh_l0	6	-0.05407588928937912
0	rnn.weight_hh_l0	7	-0.052559301257133484
0	rnn.weight_hh_l0	8	0.004672739654779434
0	rnn.weight_hh_l0	9	0.055211763828992844
0	rnn.bias_ih_l0	0	0.06511133164167404
0	rnn.bias_ih_l0	1	-0.04488389194011688
0	rnn.bias_ih_l0	2	0.009291091933846474
0	rnn.bias_ih_l0	3	-0.07320797443389893
0	rnn.bias_ih_l0	4	0.01542380265891552
0	rnn.bias_ih_l0	5	-0.05279674008488655
0	rnn.bias_ih_l0	6	-0.07980155199766159
0	rnn.bias_ih_l0	7	-0.06998045742511749
0	rnn.bias_ih_l0	8	-0.0083999652415514
0	rnn.bias_ih_l0	9	0.007676118519157171
0	rnn.bias_hh_l0	0	0.001404216862283647
0	rnn.bias_hh_l0	1	-0.08083822578191757
0	rnn.bias_hh_l0	2	-0.04562980681657791
0	rnn.bias_hh_l0	3	-0.11658092588186264
0	rnn.bias_hh_l0	4	0.03490190580487251
0	rnn.bias_hh_l0	5	-0.0730024054646492
0	rnn.bias_hh_l0	6	-0.13952593505382538
0	rnn.bias_hh_l0	7	-0.10410124808549881
0	rnn.bias_hh_l0	8	0.05981656536459923
0	rnn.bias_hh_l0	9	0.11059872061014175
0	rnn.weight_ih_l0_reverse	0	-0.026066139340400696
0	rnn.weight_ih_l0_reverse	1	-0.039094895124435425
0	rnn.weight_ih_l0_reverse	2	0.015242641791701317
0	rnn.weight_ih_l0_reverse	3	0.02314717322587967
0	rnn.weight_ih_l0_reverse	4	0.07402567565441132
0	rnn.weight_ih_l0_reverse	5	0.020677898079156876
0	rnn.weight_ih_l0_reverse	6	0.05688794329762459
0	rnn.weight_ih_l0_reverse	7	0.008940445259213448
0	rnn.weight_ih_l0_reverse	8	0.018434353172779083
0	rnn.weight_ih_l0_reverse	9	-0.012319313362240791
0	rnn.weight_hh_l0_reverse	0	-0.06174421310424805
0	rnn.weight_hh_l0_reverse	1	0.011465480551123619
0	rnn.weight_hh_l0_reverse	2	0.04868871346116066
0	rnn.weight_hh_l0_reverse	3	0.035875461995601654
0	rnn.weight_hh_l0_reverse	4	0.04501880332827568
0	rnn.weight_hh_l0_reverse	5	-0.0014525664737448096
0	rnn.weight_hh_l0_reverse	6	-0.08656265586614609
0	rnn.weight_hh_l0_reverse	7	-0.05769100785255432
0	rnn.weight_hh_l0_reverse	8	-0.08509907871484756
0	rnn.weight_hh_l0_reverse	9	0.028560221195220947
0	rnn.bias_ih_l0_reverse	0	-0.034513410180807114
0	rnn.bias_ih_l0_reverse	1	0.07825291156768799
0	rnn.bias_ih_l0_reverse	2	-0.07828035205602646
0	rnn.bias_ih_l0_reverse	3	0.05258479341864586
0	rnn.bias_ih_l0_reverse	4	0.0949062705039978
0	rnn.bias_ih_l0_reverse	5	-0.10343121737241745
0	rnn.bias_ih_l0_reverse	6	-0.05673675984144211
0	rnn.bias_ih_l0_reverse	7	-0.06044449284672737
0	rnn.bias_ih_l0_reverse	8	0.07687483727931976
0	rnn.bias_ih_l0_reverse	9	0.06223540008068085
0	rnn.bias_hh_l0_reverse	0	-0.08894386887550354
0	rnn.bias_hh_l0_reverse	1	0.04750848188996315
0	rnn.bias_hh_l0_reverse	2	-0.10903248190879822
0	rnn.bias_hh_l0_reverse	3	-0.0671774223446846
0	rnn.bias_hh_l0_reverse	4	0.02177305333316326
0	rnn.bias_hh_l0_reverse	5	-0.008313137106597424
0	rnn.bias_hh_l0_reverse	6	-0.02217564918100834
0	rnn.bias_hh_l0_reverse	7	-0.09918436408042908
0	rnn.bias_hh_l0_reverse	8	-0.10260932892560959
0	rnn.bias_hh_l0_reverse	9	-0.030810268595814705
0	linear.weight	0	0.11007410287857056
0	linear.weight	1	-0.10102780163288116
0	linear.weight	2	0.09509775042533875
0	linear.weight	3	0.06301578879356384
0	linear.weight	4	-0.1712018847465515
0	linear.weight	5	0.025075124576687813
0	linear.weight	6	0.030299175530672073
0	linear.weight	7	0.017853137105703354
0	linear.weight	8	-0.14669105410575867
0	linear.weight	9	-0.05212251469492912
0	linear.bias	0	-0.0036300979554653168
0	linear.bias	1	-1.477070689201355
0	linear.bias	2	1.0579547882080078
0	linear.bias	3	0.3442386984825134
0	linear.bias	4	0.15736140310764313
0	linear.bias	5	-1.5901378393173218
0	linear.bias	6	2.4775824546813965
0	linear.bias	7	-1.2591142654418945
0	linear.bias	8	-0.1527739316225052
0	linear.bias	9	2.9587883949279785
28	transitions	0	-2.292684316635132
28	transitions	1	0.5067586898803711
28	transitions	2	2.9699320793151855
28	transitions	3	0.521478533744812
28	transitions	4	0.852188766002655
28	transitions	5	-0.24064554274082184
28	transitions	6	0.6898014545440674
28	transitions	7	-0.5150994658470154
28	transitions	8	0.6073845028877258
28	transitions	9	0.671343207359314
28	embedding2nn.weight	0	0.08078194409608841
28	embedding2nn.weight	1	0.23552732169628143
28	embedding2nn.weight	2	0.049966033548116684
28	embedding2nn.weight	3	-0.057975586503744125
28	embedding2nn.weight	4	-0.0025889272801578045
28	embedding2nn.weight	5	-0.034593142569065094
28	embedding2nn.weight	6	0.14391379058361053
28	embedding2nn.weight	7	0.08232861012220383
28	embedding2nn.weight	8	-0.15326417982578278
28	embedding2nn.weight	9	-0.06525126099586487
28	embedding2nn.bias	0	0.01901344768702984
28	embedding2nn.bias	1	0.0788489580154419
28	embedding2nn.bias	2	0.116947703063488
28	embedding2nn.bias	3	0.18772576749324799
28	embedding2nn.bias	4	0.14810404181480408
28	embedding2nn.bias	5	0.11605317890644073
28	embedding2nn.bias	6	-0.006727996282279491
28	embedding2nn.bias	7	-0.16011016070842743
28	embedding2nn.bias	8	0.32796454429626465
28	embedding2nn.bias	9	-0.05291382595896721
28	rnn.weight_ih_l0	0	0.03141237795352936
28	rnn.weight_ih_l0	1	-0.006392400711774826
28	rnn.weight_ih_l0	2	0.027024071663618088
28	rnn.weight_ih_l0	3	-0.04899689927697182
28	rnn.weight_ih_l0	4	-0.0324583575129509
28	rnn.weight_ih_l0	5	0.02776728756725788
28	rnn.weight_ih_l0	6	-0.0200395118445158
28	rnn.weight_ih_l0	7	0.023933537304401398
28	rnn.weight_ih_l0	8	-0.06417001038789749
28	rnn.weight_ih_l0	9	-0.022597752511501312
28	rnn.weight_hh_l0	0	0.006841305643320084
28	rnn.weight_hh_l0	1	0.05305894464254379
28	rnn.weight_hh_l0	2	-0.03663988783955574
28	rnn.weight_hh_l0	3	0.005794256925582886
28	rnn.weight_hh_l0	4	0.00945266429334879
28	rnn.weight_hh_l0	5	0.009064699523150921
28	rnn.weight_hh_l0	6	-0.05398013815283775
28	rnn.weight_hh_l0	7	-0.052745793014764786
28	rnn.weight_hh_l0	8	0.004465560428798199
28	rnn.weight_hh_l0	9	0.055359501391649246
28	rnn.bias_ih_l0	0	0.06723441928625107
28	rnn.bias_ih_l0	1	-0.04439429193735123
28	rnn.bias_ih_l0	2	0.0038901884108781815
28	rnn.bias_ih_l0	3	-0.07409343868494034
28	rnn.bias_ih_l0	4	0.016818568110466003
28	rnn.bias_ih_l0	5	-0.051810164004564285
28	rnn.bias_ih_l0	6	-0.08053287863731384
28	rnn.bias_ih_l0	7	-0.0692400187253952
28	rnn.bias_ih_l0	8	-0.00939269084483385
28	rnn.bias_ih_l0	9	0.007672418374568224
28	rnn.bias_hh_l0	0	-0.020099714398384094
28	rnn.bias_hh_l0	1	-0.08230804651975632
28	rnn.bias_hh_l0	2	-0.04608909785747528
28	rnn.bias_hh_l0	3	-0.1179671511054039
28	rnn.bias_hh_l0	4	0.0340835340321064
28	rnn.bias_hh_l0	5	-0.062233153730630875
28	rnn.bias_hh_l0	6	-0.14046604931354523
28	rnn.bias_hh_l0	7	-0.10449220985174179
28	rnn.bias_hh_l0	8	0.059223711490631104
28	rnn.bias_hh_l0	9	0.11810191720724106
28	rnn.weight_ih_l0_reverse	0	-0.027580104768276215
28	rnn.weight_ih_l0_reverse	1	-0.03588593006134033
28	rnn.weight_ih_l0_reverse	2	0.014146437868475914
28	rnn.weight_ih_l0_reverse	3	0.025486454367637634
28	rnn.weight_ih_l0_reverse	4	0.07649305462837219
28	rnn.weight_ih_l0_reverse	5	0.018229622393846512
28	rnn.weight_ih_l0_reverse	6	0.059178803116083145
28	rnn.weight_ih_l0_reverse	7	0.009217494167387486
28	rnn.weight_ih_l0_reverse	8	0.017231518402695656
28	rnn.weight_ih_l0_reverse	9	-0.009470117278397083
28	rnn.weight_hh_l0_reverse	0	-0.06134997680783272
28	rnn.weight_hh_l0_reverse	1	0.011506504379212856
28	rnn.weight_hh_l0_reverse	2	0.04861046373844147
28	rnn.weight_hh_l0_reverse	3	0.03605637699365616
28	rnn.weight_hh_l0_reverse	4	0.04494871199131012
28	rnn.weight_hh_l0_reverse	5	-0.0012546443613246083
28	rnn.weight_hh_l0_reverse	6	-0.0867907777428627
28	rnn.weight_hh_l0_reverse	7	-0.057482533156871796
28	rnn.weight_hh_l0_reverse	8	-0.084774911403656
28	rnn.weight_hh_l0_reverse	9	0.028263134881854057
28	rnn.bias_ih_l0_reverse	0	-0.035673514008522034
28	rnn.bias_ih_l0_reverse	1	0.07591424137353897
28	rnn.bias_ih_l0_reverse	2	-0.07771530002355576
28	rnn.bias_ih_l0_reverse	3	0.052709609270095825
28	rnn.bias_ih_l0_reverse	4	0.09679456800222397
28	rnn.bias_ih_l0_reverse	5	-0.10195232182741165
28	rnn.bias_ih_l0_reverse	6	-0.05462309718132019
28	rnn.bias_ih_l0_reverse	7	-0.05820010229945183
28	rnn.bias_ih_l0_reverse	8	0.07487285882234573
28	rnn.bias_ih_l0_reverse	9	0.060421235859394073
28	rnn.bias_hh_l0_reverse	0	-0.09259101748466492
28	rnn.bias_hh_l0_reverse	1	0.039831433445215225
28	rnn.bias_hh_l0_reverse	2	-0.10719358921051025
28	rnn.bias_hh_l0_reverse	3	-0.06759385019540787
28	rnn.bias_hh_l0_reverse	4	0.016892030835151672
28	rnn.bias_hh_l0_reverse	5	-0.0073997825384140015
28	rnn.bias_hh_l0_reverse	6	-0.0238911472260952
28	rnn.bias_hh_l0_reverse	7	-0.0926169902086258
28	rnn.bias_hh_l0_reverse	8	-0.10295075178146362
28	rnn.bias_hh_l0_reverse	9	-0.023443683981895447
28	linear.weight	0	0.10431461036205292
28	linear.weight	1	-0.10038181394338608
28	linear.weight	2	0.10797468572854996
28	linear.weight	3	0.06460468471050262
28	linear.weight	4	-0.16645249724388123
28	linear.weight	5	0.027350405231118202
28	linear.weight	6	0.030299175530672073
28	linear.weight	7	0.018065914511680603
28	linear.weight	8	-0.14350640773773193
28	linear.weight	9	-0.07533107697963715
28	linear.bias	0	-0.0036300979554653168
28	linear.bias	1	-1.4776395559310913
28	linear.bias	2	1.0667451620101929
28	linear.bias	3	0.33379557728767395
28	linear.bias	4	0.17372381687164307
28	linear.bias	5	-1.588220238685608
28	linear.bias	6	2.4821929931640625
28	linear.bias	7	-1.2615957260131836
28	linear.bias	8	-0.15046031773090363
28	linear.bias	9	2.9485437870025635
56	transitions	0	-2.292860984802246
56	transitions	1	0.5067434906959534
56	transitions	2	2.9576127529144287
56	transitions	3	0.5247618556022644
56	transitions	4	0.8618385791778564
56	transitions	5	-0.24069663882255554
56	transitions	6	0.6897830963134766
56	transitions	7	-0.5151358246803284
56	transitions	8	0.6070012450218201
56	transitions	9	0.6695986986160278
56	embedding2nn.weight	0	0.0758904442191124
56	embedding2nn.weight	1	0.23333853483200073
56	embedding2nn.weight	2	0.05241842567920685
56	embedding2nn.weight	3	-0.04790931195020676
56	embedding2nn.weight	4	-0.0010804031044244766
56	embedding2nn.weight	5	-0.03894525021314621
56	embedding2nn.weight	6	0.14269433915615082
56	embedding2nn.weight	7	0.08245696127414703
56	embedding2nn.weight	8	-0.1545701026916504
56	embedding2nn.weight	9	-0.06580347567796707
56	embedding2nn.bias	0	0.014271022751927376
56	embedding2nn.bias	1	0.07445888966321945
56	embedding2nn.bias	2	0.10270992666482925
56	embedding2nn.bias	3	0.17672865092754364
56	embedding2nn.bias	4	0.14593446254730225
56	embedding2nn.bias	5	0.1110767349600792
56	embedding2nn.bias	6	-0.0043489220552146435
56	embedding2nn.bias	7	-0.15746036171913147
56	embedding2nn.bias	8	0.3309984505176544
56	embedding2nn.bias	9	-0.04701359197497368
56	rnn.weight_ih_l0	0	0.03170647472143173
56	rnn.weight_ih_l0	1	-0.00556032033637166
56	rnn.weight_ih_l0	2	0.02739810012280941
56	rnn.weight_ih_l0	3	-0.04936651140451431
56	rnn.weight_ih_l0	4	-0.03212588280439377
56	rnn.weight_ih_l0	5	0.026712840422987938
56	rnn.weight_ih_l0	6	-0.021261949092149734
56	rnn.weight_ih_l0	7	0.02576039917767048
56	rnn.weight_ih_l0	8	-0.06677106022834778
56	rnn.weight_ih_l0	9	-0.02063020132482052
56	rnn.weight_hh_l0	0	0.0068602305836975574
56	rnn.weight_hh_l0	1	0.05328751727938652
56	rnn.weight_hh_l0	2	-0.03692664951086044
56	rnn.weight_hh_l0	3	0.006411165464669466
56	rnn.weight_hh_l0	4	0.009555349126458168
56	rnn.weight_hh_l0	5	0.008797282353043556
56	rnn.weight_hh_l0	6	-0.05424937978386879
56	rnn.weight_hh_l0	7	-0.05286040157079697
56	rnn.weight_hh_l0	8	0.00429413141682744
56	rnn.weight_hh_l0	9	0.055546604096889496
56	rnn.bias_ih_l0	0	0.06403155624866486
56	rnn.bias_ih_l0	1	-0.04617226496338844
56	rnn.bias_ih_l0	2	0.0011352202855050564
56	rnn.bias_ih_l0	3	-0.07744727283716202
56	rnn.bias_ih_l0	4	0.018323780968785286
56	rnn.bias_ih_l0	5	-0.05326658859848976
56	rnn.bias_ih_l0	6	-0.07935769855976105
56	rnn.bias_ih_l0	7	-0.07091552019119263
56	rnn.bias_ih_l0	8	-0.010652308352291584
56	rnn.bias_ih_l0	9	0.006289678625762463
56	rnn.bias_hh_l0	0	-0.01400667056441307
56	rnn.bias_hh_l0	1	-0.08257421106100082
56	rnn.bias_hh_l0	2	-0.04641079902648926
56	rnn.bias_hh_l0	3	-0.12020843476057053
56	rnn.bias_hh_l0	4	0.03418203815817833
56	rnn.bias_hh_l0	5	-0.0666600912809372
56	rnn.bias_hh_l0	6	-0.13913260400295258
56	rnn.bias_hh_l0	7	-0.10409918427467346
56	rnn.bias_hh_l0	8	0.060194648802280426
56	rnn.bias_hh_l0	9	0.11594466865062714
56	rnn.weight_ih_l0_reverse	0	-0.0266369991004467
56	rnn.weight_ih_l0_reverse	1	-0.04215612635016441
56	rnn.weight_ih_l0_reverse	2	0.014597266912460327
56	rnn.weight_ih_l0_reverse	3	0.028959959745407104
56	rnn.weight_ih_l0_reverse	4	0.07797922194004059
56	rnn.weight_ih_l0_reverse	5	0.018726138398051262
56	rnn.weight_ih_l0_reverse	6	0.058028411120176315
56	rnn.weight_ih_l0_reverse	7	0.010637013241648674
56	rnn.weight_ih_l0_reverse	8	0.01703818142414093
56	rnn.weight_ih_l0_reverse	9	-0.009314024820923805
56	rnn.weight_hh_l0_reverse	0	-0.06151031702756882
56	rnn.weight_hh_l0_reverse	1	0.011523940600454807
56	rnn.weight_hh_l0_reverse	2	0.04851645976305008
56	rnn.weight_hh_l0_reverse	3	0.03624793142080307
56	rnn.weight_hh_l0_reverse	4	0.04480968415737152
56	rnn.weight_hh_l0_reverse	5	-0.0013799741864204407
56	rnn.weight_hh_l0_reverse	6	-0.0871727466583252
56	rnn.weight_hh_l0_reverse	7	-0.05748971551656723
56	rnn.weight_hh_l0_reverse	8	-0.0854664295911789
56	rnn.weight_hh_l0_reverse	9	0.028100017458200455
56	rnn.bias_ih_l0_reverse	0	-0.038425546139478683
56	rnn.bias_ih_l0_reverse	1	0.07870077341794968
56	rnn.bias_ih_l0_reverse	2	-0.07805949449539185
56	rnn.bias_ih_l0_reverse	3	0.05307857319712639
56	rnn.bias_ih_l0_reverse	4	0.0979192703962326
56	rnn.bias_ih_l0_reverse	5	-0.10070696473121643
56	rnn.bias_ih_l0_reverse	6	-0.04997123405337334
56	rnn.bias_ih_l0_reverse	7	-0.058656614273786545
56	rnn.bias_ih_l0_reverse	8	0.07387306541204453
56	rnn.bias_ih_l0_reverse	9	0.04582603648304939
56	rnn.bias_hh_l0_reverse	0	-0.0922984704375267
56	rnn.bias_hh_l0_reverse	1	0.044183794409036636
56	rnn.bias_hh_l0_reverse	2	-0.10959947854280472
56	rnn.bias_hh_l0_reverse	3	-0.06854946911334991
56	rnn.bias_hh_l0_reverse	4	0.018052011728286743
56	rnn.bias_hh_l0_reverse	5	-0.0058588311076164246
56	rnn.bias_hh_l0_reverse	6	-0.01704738475382328
56	rnn.bias_hh_l0_reverse	7	-0.08970462530851364
56	rnn.bias_hh_l0_reverse	8	-0.10205451399087906
56	rnn.bias_hh_l0_reverse	9	-0.020609604194760323
56	linear.weight	0	0.10469076037406921
56	linear.weight	1	-0.0977407842874527
56	linear.weight	2	0.10701009631156921
56	linear.weight	3	0.0629584789276123
56	linear.weight	4	-0.17458759248256683
56	linear.weight	5	0.02865217812359333
56	linear.weight	6	0.030299175530672073
56	linear.weight	7	0.016820028424263
56	linear.weight	8	-0.15333056449890137
56	linear.weight	9	-0.05099513381719589
56	linear.bias	0	-0.0036300979554653168
56	linear.bias	1	-1.4782109260559082
56	linear.bias	2	1.0994988679885864
56	linear.bias	3	0.32123780250549316
56	linear.bias	4	0.16691362857818604
56	linear.bias	5	-1.5987097024917603
56	linear.bias	6	2.4517226219177246
56	linear.bias	7	-1.2718499898910522
56	linear.bias	8	-0.15882201492786407
56	linear.bias	9	3.0321576595306396
84	transitions	0	-2.293177604675293
84	transitions	1	0.5067253112792969
84	transitions	2	2.956451654434204
84	transitions	3	0.5245089530944824
84	transitions	4	0.8700035810470581
84	transitions	5	-0.2407473474740982
84	transitions	6	0.6897661685943604
84	transitions	7	-0.5151727199554443
84	transitions	8	0.6066480278968811
84	transitions	9	0.6688567996025085
84	embedding2nn.weight	0	0.07936573773622513
84	embedding2nn.weight	1	0.2302919328212738
84	embedding2nn.weight	2	0.05656788498163223
84	embedding2nn.weight	3	-0.04440240561962128
84	embedding2nn.weight	4	-0.002339651109650731
84	embedding2nn.weight	5	-0.037732161581516266
84	embedding2nn.weight	6	0.1371709108352661
84	embedding2nn.weight	7	0.07918039709329605
84	embedding2nn.weight	8	-0.15876944363117218
84	embedding2nn.weight	9	-0.07209077477455139
84	embedding2nn.bias	0	0.025577183812856674
84	embedding2nn.bias	1	0.08551959693431854
84	embedding2nn.bias	2	0.11267115920782089
84	embedding2nn.bias	3	0.1784367710351944
84	embedding2nn.bias	4	0.15771546959877014
84	embedding2nn.bias	5	0.09563333541154861
84	embedding2nn.bias	6	-0.0013006235240027308
84	embedding2nn.bias	7	-0.14845240116119385
84	embedding2nn.bias	8	0.34905096888542175
84	embedding2nn.bias	9	-0.04921431839466095
84	rnn.weight_ih_l0	0	0.030604137107729912
84	rnn.weight_ih_l0	1	-0.005610184278339148
84	rnn.weight_ih_l0	2	0.027165066450834274
84	rnn.weight_ih_l0	3	-0.049587681889534
84	rnn.weight_ih_l0	4	-0.03180845081806183
84	rnn.weight_ih_l0	5	0.029066646471619606
84	rnn.weight_ih_l0	6	-0.01987096667289734
84	rnn.weight_ih_l0	7	0.025086143985390663
84	rnn.weight_ih_l0	8	-0.0672745555639267
84	rnn.weight_ih_l0	9	-0.019823309034109116
84	rnn.weight_hh_l0	0	0.006892983336001635
84	rnn.weight_hh_l0	1	0.053329650312662125
84	rnn.weight_hh_l0	2	-0.035922303795814514
84	rnn.weight_hh_l0	3	0.005998877342790365
84	rnn.weight_hh_l0	4	0.009938035160303116
84	rnn.weight_hh_l0	5	0.007870905101299286
84	rnn.weight_hh_l0	6	-0.054348282516002655
84	rnn.weight_hh_l0	7	-0.05298575013875961
84	rnn.weight_hh_l0	8	0.004267866723239422
84	rnn.weight_hh_l0	9	0.055516380816698074
84	rnn.bias_ih_l0	0	0.06254621595144272
84	rnn.bias_ih_l0	1	-0.04555274918675423
84	rnn.bias_ih_l0	2	-0.0072706472128629684
84	rnn.bias_ih_l0	3	-0.07824631780385971
84	rnn.bias_ih_l0	4	0.015757843852043152
84	rnn.bias_ih_l0	5	-0.04891156032681465
84	rnn.bias_ih_l0	6	-0.08109487593173981
84	rnn.bias_ih_l0	7	-0.07062753289937973
84	rnn.bias_ih_l0	8	-0.010538945905864239
84	rnn.bias_ih_l0	9	0.005030259024351835
84	rnn.bias_hh_l0	0	-0.0134517727419734
84	rnn.bias_hh_l0	1	-0.0822499617934227
84	rnn.bias_hh_l0	2	-0.04570461064577103
84	rnn.bias_hh_l0	3	-0.11992186307907104
84	rnn.bias_hh_l0	4	0.03405705466866493
84	rnn.bias_hh_l0	5	-0.08073285222053528
84	rnn.bias_hh_l0	6	-0.13955426216125488
84	rnn.bias_hh_l0	7	-0.10488806664943695
84	rnn.bias_hh_l0	8	0.060382526367902756
84	rnn.bias_hh_l0	9	0.10483658313751221
84	rnn.weight_ih_l0_reverse	0	-0.027035603299736977
84	rnn.weight_ih_l0_reverse	1	-0.04427126795053482
84	rnn.weight_ih_l0_reverse	2	0.014312880113720894
84	rnn.weight_ih_l0_reverse	3	0.027679165825247765
84	rnn.weight_ih_l0_reverse	4	0.07845363020896912
84	rnn.weight_ih_l0_reverse	5	0.02075180411338806
84	rnn.weight_ih_l0_reverse	6	0.05651727691292763
84	rnn.weight_ih_l0_reverse	7	0.011189230717718601
84	rnn.weight_ih_l0_reverse	8	0.018578924238681793
84	rnn.weight_ih_l0_reverse	9	-0.008804766461253166
84	rnn.weight_hh_l0_reverse	0	-0.0616401806473732
84	rnn.weight_hh_l0_reverse	1	0.011612046509981155
84	rnn.weight_hh_l0_reverse	2	0.048392120748758316
84	rnn.weight_hh_l0_reverse	3	0.036223579198122025
84	rnn.weight_hh_l0_reverse	4	0.04515519738197327
84	rnn.weight_hh_l0_reverse	5	-0.0012715654447674751
84	rnn.weight_hh_l0_reverse	6	-0.08668294548988342
84	rnn.weight_hh_l0_reverse	7	-0.05739704519510269
84	rnn.weight_hh_l0_reverse	8	-0.08552861213684082
84	rnn.weight_hh_l0_reverse	9	0.027904236689209938
84	rnn.bias_ih_l0_reverse	0	-0.042234890162944794
84	rnn.bias_ih_l0_reverse	1	0.07896967977285385
84	rnn.bias_ih_l0_reverse	2	-0.07949250191450119
84	rnn.bias_ih_l0_reverse	3	0.05229958891868591
84	rnn.bias_ih_l0_reverse	4	0.09994757920503616
84	rnn.bias_ih_l0_reverse	5	-0.1016022339463234
84	rnn.bias_ih_l0_reverse	6	-0.04738716408610344
84	rnn.bias_ih_l0_reverse	7	-0.056972287595272064
84	rnn.bias_ih_l0_reverse	8	0.07334701716899872
84	rnn.bias_ih_l0_reverse	9	0.04605001211166382
84	rnn.bias_hh_l0_reverse	0	-0.09820254147052765
84	rnn.bias_hh_l0_reverse	1	0.04170121252536774
84	rnn.bias_hh_l0_reverse	2	-0.10903310775756836
84	rnn.bias_hh_l0_reverse	3	-0.06659355759620667
84	rnn.bias_hh_l0_reverse	4	0.007832476869225502
84	rnn.bias_hh_l0_reverse	5	-0.005337529815733433
84	rnn.bias_hh_l0_reverse	6	-0.016580091789364815
84	rnn.bias_hh_l0_reverse	7	-0.09425279498100281
84	rnn.bias_hh_l0_reverse	8	-0.10376358032226562
84	rnn.bias_hh_l0_reverse	9	-0.01895407773554325
84	linear.weight	0	0.11473314464092255
84	linear.weight	1	-0.100777268409729
84	linear.weight	2	0.0998176634311676
84	linear.weight	3	0.06706444919109344
84	linear.weight	4	-0.17556451261043549
84	linear.weight	5	0.039194390177726746
84	linear.weight	6	0.030299175530672073
84	linear.weight	7	0.014702592976391315
84	linear.weight	8	-0.1521402895450592
84	linear.weight	9	-0.09120834618806839
84	linear.bias	0	-0.0036300979554653168
84	linear.bias	1	-1.4787077903747559
84	linear.bias	2	1.0495439767837524
84	linear.bias	3	0.32006826996803284
84	linear.bias	4	0.17049674689769745
84	linear.bias	5	-1.5845187902450562
84	linear.bias	6	2.49525785446167
84	linear.bias	7	-1.2757009267807007
84	linear.bias	8	-0.1517370343208313
84	linear.bias	9	3.0459156036376953
112	transitions	0	-2.293487310409546
112	transitions	1	0.5066902041435242
112	transitions	2	2.9617996215820312
112	transitions	3	0.5263129472732544
112	transitions	4	0.8680557012557983
112	transitions	5	-0.2408195436000824
112	transitions	6	0.6897535920143127
112	transitions	7	-0.5151979327201843
112	transitions	8	0.6062433123588562
112	transitions	9	0.6671093702316284
112	embedding2nn.weight	0	0.07828677445650101
112	embedding2nn.weight	1	0.23060083389282227
112	embedding2nn.weight	2	0.05816658213734627
112	embedding2nn.weight	3	-0.049751657992601395
112	embedding2nn.weight	4	-0.002326141344383359
112	embedding2nn.weight	5	-0.03716796264052391
112	embedding2nn.weight	6	0.13664083182811737
112	embedding2nn.weight	7	0.08674141019582748
112	embedding2nn.weight	8	-0.16272085905075073
112	embedding2nn.weight	9	-0.07199649512767792
112	embedding2nn.bias	0	0.024416953325271606
112	embedding2nn.bias	1	0.0879041776061058
112	embedding2nn.bias	2	0.10993579775094986
112	embedding2nn.bias	3	0.19309847056865692
112	embedding2nn.bias	4	0.1453246921300888
112	embedding2nn.bias	5	0.11148428171873093
112	embedding2nn.bias	6	-0.0007097035995684564
112	embedding2nn.bias	7	-0.15028105676174164
112	embedding2nn.bias	8	0.33007434010505676
112	embedding2nn.bias	9	-0.053997140377759933
112	rnn.weight_ih_l0	0	0.03328524902462959
112	rnn.weight_ih_l0	1	-0.004513010382652283
112	rnn.weight_ih_l0	2	0.026778455823659897
112	rnn.weight_ih_l0	3	-0.04964561387896538
112	rnn.weight_ih_l0	4	-0.03188956901431084
112	rnn.weight_ih_l0	5	0.028685621917247772
112	rnn.weight_ih_l0	6	-0.01976030319929123
112	rnn.weight_ih_l0	7	0.024024074897170067
112	rnn.weight_ih_l0	8	-0.0649007111787796
112	rnn.weight_ih_l0	9	-0.019612401723861694
112	rnn.weight_hh_l0	0	0.00690803537145257
112	rnn.weight_hh_l0	1	0.05319469794631004
112	rnn.weight_hh_l0	2	-0.03605584427714348
112	rnn.weight_hh_l0	3	0.005783618427813053
112	rnn.weight_hh_l0	4	0.00968323927372694
112	rnn.weight_hh_l0	5	0.007983183488249779
112	rnn.weight_hh_l0	6	-0.054400816559791565
112	rnn.weight_hh_l0	7	-0.053030356764793396
112	rnn.weight_hh_l0	8	0.004142447374761105
112	rnn.weight_hh_l0	9	0.05582551285624504
112	rnn.bias_ih_l0	0	0.06397056579589844
112	rnn.bias_ih_l0	1	-0.04634427651762962
112	rnn.bias_ih_l0	2	-0.002880251035094261
112	rnn.bias_ih_l0	3	-0.07889705896377563
112	rnn.bias_ih_l0	4	0.01769101992249489
112	rnn.bias_ih_l0	5	-0.04956518113613129
112	rnn.bias_ih_l0	6	-0.08173006027936935
112	rnn.bias_ih_l0	7	-0.06932994723320007
112	rnn.bias_ih_l0	8	-0.010883813723921776
112	rnn.bias_ih_l0	9	0.0047135138884186745
112	rnn.bias_hh_l0	0	-0.014166482724249363
112	rnn.bias_hh_l0	1	-0.08161239326000214
112	rnn.bias_hh_l0	2	-0.044762905687093735
112	rnn.bias_hh_l0	3	-0.12151475995779037
112	rnn.bias_hh_l0	4	0.03445577621459961
112	rnn.bias_hh_l0	5	-0.08227061480283737
112	rnn.bias_hh_l0	6	-0.1389445811510086
112	rnn.bias_hh_l0	7	-0.10435992479324341
112	rnn.bias_hh_l0	8	0.05888747796416283
112	rnn.bias_hh_l0	9	0.10592174530029297
112	rnn.weight_ih_l0_reverse	0	-0.023880554363131523
112	rnn.weight_ih_l0_reverse	1	-0.04545886814594269
112	rnn.weight_ih_l0_reverse	2	0.013543425127863884
112	rnn.weight_ih_l0_reverse	3	0.025946294888854027
112	rnn.weight_ih_l0_reverse	4	0.07820921391248703
112	rnn.weight_ih_l0_reverse	5	0.015555732883512974
112	rnn.weight_ih_l0_reverse	6	0.057484861463308334
112	rnn.weight_ih_l0_reverse	7	0.01028690580278635
112	rnn.weight_ih_l0_reverse	8	0.01915549673140049
112	rnn.weight_ih_l0_reverse	9	-0.008606284856796265
112	rnn.weight_hh_l0_reverse	0	-0.06152384728193283
112	rnn.weight_hh_l0_reverse	1	0.01177380420267582
112	rnn.weight_hh_l0_reverse	2	0.048364609479904175
112	rnn.weight_hh_l0_reverse	3	0.03609999641776085
112	rnn.weight_hh_l0_reverse	4	0.04527801647782326
112	rnn.weight_hh_l0_reverse	5	-0.0015858799451962113
112	rnn.weight_hh_l0_reverse	6	-0.08673584461212158
112	rnn.weight_hh_l0_reverse	7	-0.05752836540341377
112	rnn.weight_hh_l0_reverse	8	-0.08484262228012085
112	rnn.weight_hh_l0_reverse	9	0.027572691440582275
112	rnn.bias_ih_l0_reverse	0	-0.03874394670128822
112	rnn.bias_ih_l0_reverse	1	0.07704608142375946
112	rnn.bias_ih_l0_reverse	2	-0.07905899733304977
112	rnn.bias_ih_l0_reverse	3	0.05192214623093605
112	rnn.bias_ih_l0_reverse	4	0.1048644632101059
112	rnn.bias_ih_l0_reverse	5	-0.10035166889429092
112	rnn.bias_ih_l0_reverse	6	-0.051031291484832764
112	rnn.bias_ih_l0_reverse	7	-0.05863921344280243
112	rnn.bias_ih_l0_reverse	8	0.07307559996843338
112	rnn.bias_ih_l0_reverse	9	0.04816771298646927
112	rnn.bias_hh_l0_reverse	0	-0.09385168552398682
112	rnn.bias_hh_l0_reverse	1	0.05100877955555916
112	rnn.bias_hh_l0_reverse	2	-0.10928723961114883
112	rnn.bias_hh_l0_reverse	3	-0.06710903346538544
112	rnn.bias_hh_l0_reverse	4	0.01148596964776516
112	rnn.bias_hh_l0_reverse	5	-0.0045080240815877914
112	rnn.bias_hh_l0_reverse	6	-0.012036922387778759
112	rnn.bias_hh_l0_reverse	7	-0.09931983053684235
112	rnn.bias_hh_l0_reverse	8	-0.10334782302379608
112	rnn.bias_hh_l0_reverse	9	-0.016650313511490822
112	linear.weight	0	0.10902740061283112
112	linear.weight	1	-0.09844423830509186
112	linear.weight	2	0.1024426817893982
112	linear.weight	3	0.06976483017206192
112	linear.weight	4	-0.17250269651412964
112	linear.weight	5	0.03262833133339882
112	linear.weight	6	0.030299175530672073
112	linear.weight	7	0.015515481121838093
112	linear.weight	8	-0.15375378727912903
112	linear.weight	9	-0.09176716208457947
112	linear.bias	0	-0.0036300979554653168
112	linear.bias	1	-1.4792529344558716
112	linear.bias	2	1.0475234985351562
112	linear.bias	3	0.32391658425331116
112	linear.bias	4	0.17673298716545105
112	linear.bias	5	-1.6004031896591187
112	linear.bias	6	2.5028679370880127
112	linear.bias	7	-1.2626326084136963
112	linear.bias	8	-0.14720997214317322
112	linear.bias	9	3.014256477355957
140	transitions	0	-2.294027090072632
140	transitions	1	0.5066704750061035
140	transitions	2	2.9741008281707764
140	transitions	3	0.5235244631767273
140	transitions	4	0.8864561319351196
140	transitions	5	-0.24088875949382782
140	transitions	6	0.6897336840629578
140	transitions	7	-0.5155025720596313
140	transitions	8	0.6057627201080322
140	transitions	9	0.6645973920822144
140	embedding2nn.weight	0	0.07953377813100815
140	embedding2nn.weight	1	0.23231738805770874
140	embedding2nn.weight	2	0.0540323369204998
140	embedding2nn.weight	3	-0.04878672584891319
140	embedding2nn.weight	4	-0.003280363045632839
140	embedding2nn.weight	5	-0.03445404767990112
140	embedding2nn.weight	6	0.12882168591022491
140	embedding2nn.weight	7	0.09075203537940979
140	embedding2nn.weight	8	-0.15660084784030914
140	embedding2nn.weight	9	-0.07063320279121399
140	embedding2nn.bias	0	0.01471328642219305
140	embedding2nn.bias	1	0.09021548181772232
140	embedding2nn.bias	2	0.09995458275079727
140	embedding2nn.bias	3	0.19175328314304352
140	embedding2nn.bias	4	0.13890203833580017
140	embedding2nn.bias	5	0.11272124201059341
140	embedding2nn.bias	6	0.0005634631961584091
140	embedding2nn.bias	7	-0.14054016768932343
140	embedding2nn.bias	8	0.32283562421798706
140	embedding2nn.bias	9	-0.0445181205868721
140	rnn.weight_ih_l0	0	0.025698460638523102
140	rnn.weight_ih_l0	1	-0.0052212877199053764
140	rnn.weight_ih_l0	2	0.027279948815703392
140	rnn.weight_ih_l0	3	-0.049858979880809784
140	rnn.weight_ih_l0	4	-0.03182677552103996
140	rnn.weight_ih_l0	5	0.03571120649576187
140	rnn.weight_ih_l0	6	-0.019275503233075142
140	rnn.weight_ih_l0	7	0.023640789091587067
140	rnn.weight_ih_l0	8	-0.064642995595932
140	rnn.weight_ih_l0	9	-0.0204604584723711
140	rnn.weight_hh_l0	0	0.006850266829133034
140	rnn.weight_hh_l0	1	0.0527934692800045
140	rnn.weight_hh_l0	2	-0.035475149750709534
140	rnn.weight_hh_l0	3	0.005697122309356928
140	rnn.weight_hh_l0	4	0.009952805936336517
140	rnn.weight_hh_l0	5	0.008047746494412422
140	rnn.weight_hh_l0	6	-0.05418847128748894
140	rnn.weight_hh_l0	7	-0.05285261943936348
140	rnn.weight_hh_l0	8	0.004405108280479908
140	rnn.weight_hh_l0	9	0.055703938007354736
140	rnn.bias_ih_l0	0	0.061284419149160385
140	rnn.bias_ih_l0	1	-0.046451400965452194
140	rnn.bias_ih_l0	2	-0.0062713357619941235
140	rnn.bias_ih_l0	3	-0.07886303961277008
140	rnn.bias_ih_l0	4	0.014214649796485901
140	rnn.bias_ih_l0	5	-0.050382211804389954
140	rnn.bias_ih_l0	6	-0.0834106057882309
140	rnn.bias_ih_l0	7	-0.06648328900337219
140	rnn.bias_ih_l0	8	-0.011316213756799698
140	rnn.bias_ih_l0	9	0.004546873737126589
140	rnn.bias_hh_l0	0	-0.004772873129695654
140	rnn.bias_hh_l0	1	-0.08256110548973083
140	rnn.bias_hh_l0	2	-0.04609210044145584
140	rnn.bias_hh_l0	3	-0.12081216275691986
140	rnn.bias_hh_l0	4	0.033469364047050476
140	rnn.bias_hh_l0	5	-0.08049459010362625
140	rnn.bias_hh_l0	6	-0.140633687376976
140	rnn.bias_hh_l0	7	-0.10522589087486267
140	rnn.bias_hh_l0	8	0.05906106159090996
140	rnn.bias_hh_l0	9	0.10382147133350372
140	rnn.weight_ih_l0_reverse	0	-0.021485311910510063
140	rnn.weight_ih_l0_reverse	1	-0.049599647521972656
140	rnn.weight_ih_l0_reverse	2	0.013194515369832516
140	rnn.weight_ih_l0_reverse	3	0.027728941291570663
140	rnn.weight_ih_l0_reverse	4	0.08026217669248581
140	rnn.weight_ih_l0_reverse	5	0.015546990558505058
140	rnn.weight_ih_l0_reverse	6	0.055920787155628204
140	rnn.weight_ih_l0_reverse	7	0.010216576978564262
140	rnn.weight_ih_l0_reverse	8	0.018153116106987
140	rnn.weight_ih_l0_reverse	9	-0.012729506008327007
140	rnn.weight_hh_l0_reverse	0	-0.06127865985035896
140	rnn.weight_hh_l0_reverse	1	0.011865147389471531
140	rnn.weight_hh_l0_reverse	2	0.0482899434864521
140	rnn.weight_hh_l0_reverse	3	0.036161165684461594
140	rnn.weight_hh_l0_reverse	4	0.045332662761211395
140	rnn.weight_hh_l0_reverse	5	-0.0016004227800294757
140	rnn.weight_hh_l0_reverse	6	-0.0868023931980133
140	rnn.weight_hh_l0_reverse	7	-0.05751067399978638
140	rnn.weight_hh_l0_reverse	8	-0.08910875022411346
140	rnn.weight_hh_l0_reverse	9	0.027775006368756294
140	rnn.bias_ih_l0_reverse	0	-0.03933532163500786
140	rnn.bias_ih_l0_reverse	1	0.08045874536037445
140	rnn.bias_ih_l0_reverse	2	-0.07819081842899323
140	rnn.bias_ih_l0_reverse	3	0.05120888724923134
140	rnn.bias_ih_l0_reverse	4	0.11397755891084671
140	rnn.bias_ih_l0_reverse	5	-0.0999322310090065
140	rnn.bias_ih_l0_reverse	6	-0.055585987865924835
140	rnn.bias_ih_l0_reverse	7	-0.05940944701433182
140	rnn.bias_ih_l0_reverse	8	0.0743451714515686
140	rnn.bias_ih_l0_reverse	9	0.054794639348983765
140	rnn.bias_hh_l0_reverse	0	-0.08674130588769913
140	rnn.bias_hh_l0_reverse	1	0.050342757254838943
140	rnn.bias_hh_l0_reverse	2	-0.11136610060930252
140	rnn.bias_hh_l0_reverse	3	-0.0672239288687706
140	rnn.bias_hh_l0_reverse	4	0.005033634603023529
140	rnn.bias_hh_l0_reverse	5	-0.004728496540337801
140	rnn.bias_hh_l0_reverse	6	-0.010749373584985733
140	rnn.bias_hh_l0_reverse	7	-0.1059531643986702
140	rnn.bias_hh_l0_reverse	8	-0.09997942298650742
140	rnn.bias_hh_l0_reverse	9	-0.015688760206103325
140	linear.weight	0	0.10739222168922424
140	linear.weight	1	-0.10054553300142288
140	linear.weight	2	0.11679492890834808
140	linear.weight	3	0.07223088294267654
140	linear.weight	4	-0.17114168405532837
140	linear.weight	5	0.03538817539811134
140	linear.weight	6	0.030299175530672073
140	linear.weight	7	0.014851692132651806
140	linear.weight	8	-0.1550838053226471
140	linear.weight	9	-0.057118259370326996
140	linear.bias	0	-0.0036300979554653168
140	linear.bias	1	-1.4798859357833862
140	linear.bias	2	1.0701500177383423
140	linear.bias	3	0.3301851153373718
140	linear.bias	4	0.17640115320682526
140	linear.bias	5	-1.596327543258667
140	linear.bias	6	2.5011637210845947
140	linear.bias	7	-1.2716221809387207
140	linear.bias	8	-0.1441529244184494
140	linear.bias	9	2.9730029106140137
168	transitions	0	-2.2941370010375977
168	transitions	1	0.5066514015197754
168	transitions	2	2.985334634780884
168	transitions	3	0.5278622508049011
168	transitions	4	0.8789175748825073
168	transitions	5	-0.24097567796707153
168	transitions	6	0.689709484577179
168	transitions	7	-0.5155442953109741
168	transitions	8	0.6052491664886475
168	transitions	9	0.6606792211532593
168	embedding2nn.weight	0	0.08024713397026062
168	embedding2nn.weight	1	0.23391373455524445
168	embedding2nn.weight	2	0.053249847143888474
168	embedding2nn.weight	3	-0.04839817062020302
168	embedding2nn.weight	4	-0.002934967167675495
168	embedding2nn.weight	5	-0.032817043364048004
168	embedding2nn.weight	6	0.13049447536468506
168	embedding2nn.weight	7	0.08749591559171677
168	embedding2nn.weight	8	-0.1597316414117813
168	embedding2nn.weight	9	-0.06835854798555374
168	embedding2nn.bias	0	0.020360931754112244
168	embedding2nn.bias	1	0.09268540889024734
168	embedding2nn.bias	2	0.10561637580394745
168	embedding2nn.bias	3	0.18507665395736694
168	embedding2nn.bias	4	0.14388488233089447
168	embedding2nn.bias	5	0.11975489556789398
168	embedding2nn.bias	6	0.006162696518003941
168	embedding2nn.bias	7	-0.1351224035024643
168	embedding2nn.bias	8	0.3160731792449951
168	embedding2nn.bias	9	-0.03801920637488365
168	rnn.weight_ih_l0	0	0.03959895297884941
168	rnn.weight_ih_l0	1	-0.005980456247925758
168	rnn.weight_ih_l0	2	0.026953935623168945
168	rnn.weight_ih_l0	3	-0.0503263995051384
168	rnn.weight_ih_l0	4	-0.03217894956469536
168	rnn.weight_ih_l0	5	0.03408953920006752
168	rnn.weight_ih_l0	6	-0.018927302211523056
168	rnn.weight_ih_l0	7	0.023445820435881615
168	rnn.weight_ih_l0	8	-0.06494521349668503
168	rnn.weight_ih_l0	9	-0.020968129858374596
168	rnn.weight_hh_l0	0	0.00672817463055253
168	rnn.weight_hh_l0	1	0.05269445851445198
168	rnn.weight_hh_l0	2	-0.035982321947813034
168	rnn.weight_hh_l0	3	0.00577484630048275
168	rnn.weight_hh_l0	4	0.009926245547831059
168	rnn.weight_hh_l0	5	0.007610433269292116
168	rnn.weight_hh_l0	6	-0.0545964241027832
168	rnn.weight_hh_l0	7	-0.052830152213573456
168	rnn.weight_hh_l0	8	0.004006476141512394
168	rnn.weight_hh_l0	9	0.055761080235242844
168	rnn.bias_ih_l0	0	0.06205218285322189
168	rnn.bias_ih_l0	1	-0.046680450439453125
168	rnn.bias_ih_l0	2	-0.0064515117555856705
168	rnn.bias_ih_l0	3	-0.07943086326122284
168	rnn.bias_ih_l0	4	0.014003165066242218
168	rnn.bias_ih_l0	5	-0.052756309509277344
168	rnn.bias_ih_l0	6	-0.08341946452856064
168	rnn.bias_ih_l0	7	-0.06543232500553131
168	rnn.bias_ih_l0	8	-0.010217731818556786
168	rnn.bias_ih_l0	9	0.005706256255507469
168	rnn.bias_hh_l0	0	-0.005306001286953688
168	rnn.bias_hh_l0	1	-0.08112300932407379
168	rnn.bias_hh_l0	2	-0.046751707792282104
168	rnn.bias_hh_l0	3	-0.12020967155694962
168	rnn.bias_hh_l0	4	0.033824268728494644
168	rnn.bias_hh_l0	5	-0.07996096462011337
168	rnn.bias_hh_l0	6	-0.14069761335849762
168	rnn.bias_hh_l0	7	-0.10331764072179794
168	rnn.bias_hh_l0	8	0.059736669063568115
168	rnn.bias_hh_l0	9	0.10299666970968246
168	rnn.weight_ih_l0_reverse	0	-0.02180561050772667
168	rnn.weight_ih_l0_reverse	1	-0.04857303202152252
168	rnn.weight_ih_l0_reverse	2	0.012500534765422344
168	rnn.weight_ih_l0_reverse	3	0.029218649491667747
168	rnn.weight_ih_l0_reverse	4	0.08136820793151855
168	rnn.weight_ih_l0_reverse	5	0.014497480355203152
168	rnn.weight_ih_l0_reverse	6	0.05471907556056976
168	rnn.weight_ih_l0_reverse	7	0.010665806010365486
168	rnn.weight_ih_l0_reverse	8	0.01801450550556183
168	rnn.weight_ih_l0_reverse	9	-0.012583001516759396
168	rnn.weight_hh_l0_reverse	0	-0.06128326430916786
168	rnn.weight_hh_l0_reverse	1	0.011965185403823853
168	rnn.weight_hh_l0_reverse	2	0.048200853168964386
168	rnn.weight_hh_l0_reverse	3	0.03584469482302666
168	rnn.weight_hh_l0_reverse	4	0.045481327921152115
168	rnn.weight_hh_l0_reverse	5	-0.0017484305426478386
168	rnn.weight_hh_l0_reverse	6	-0.08730433881282806
168	rnn.weight_hh_l0_reverse	7	-0.057406794279813766
168	rnn.weight_hh_l0_reverse	8	-0.08939328044652939
168	rnn.weight_hh_l0_reverse	9	0.027741100639104843
168	rnn.bias_ih_l0_reverse	0	-0.041972991079092026
168	rnn.bias_ih_l0_reverse	1	0.07884107530117035
168	rnn.bias_ih_l0_reverse	2	-0.07897460460662842
168	rnn.bias_ih_l0_reverse	3	0.05107929930090904
168	rnn.bias_ih_l0_reverse	4	0.11121510714292526
168	rnn.bias_ih_l0_reverse	5	-0.10027947276830673
168	rnn.bias_ih_l0_reverse	6	-0.05010572075843811
168	rnn.bias_ih_l0_reverse	7	-0.06145385280251503
168	rnn.bias_ih_l0_reverse	8	0.07532990723848343
168	rnn.bias_ih_l0_reverse	9	0.05243649333715439
168	rnn.bias_hh_l0_reverse	0	-0.08003490418195724
168	rnn.bias_hh_l0_reverse	1	0.05028057098388672
168	rnn.bias_hh_l0_reverse	2	-0.11010679602622986
168	rnn.bias_hh_l0_reverse	3	-0.06760121136903763
168	rnn.bias_hh_l0_reverse	4	0.005483426619321108
168	rnn.bias_hh_l0_reverse	5	-0.0038989209569990635
168	rnn.bias_hh_l0_reverse	6	-0.00803398434072733
168	rnn.bias_hh_l0_reverse	7	-0.10298547893762589
168	rnn.bias_hh_l0_reverse	8	-0.09982026368379593
168	rnn.bias_hh_l0_reverse	9	-0.014819035306572914
168	linear.weight	0	0.11279354244470596
168	linear.weight	1	-0.09943480044603348
168	linear.weight	2	0.12413764744997025
168	linear.weight	3	0.07184135913848877
168	linear.weight	4	-0.17174974083900452
168	linear.weight	5	0.03203790262341499
168	linear.weight	6	0.030299175530672073
168	linear.weight	7	0.01184179075062275
168	linear.weight	8	-0.1546395868062973
168	linear.weight	9	-0.0737474113702774
168	linear.bias	0	-0.0036300979554653168
168	linear.bias	1	-1.4805837869644165
168	linear.bias	2	1.040375828742981
168	linear.bias	3	0.34310463070869446
168	linear.bias	4	0.17421939969062805
168	linear.bias	5	-1.598588228225708
168	linear.bias	6	2.4863781929016113
168	linear.bias	7	-1.268054723739624
168	linear.bias	8	-0.147292822599411
168	linear.bias	9	3.0101912021636963
196	transitions	0	-2.2942872047424316
196	transitions	1	0.5066360831260681
196	transitions	2	2.9681406021118164
196	transitions	3	0.5266614556312561
196	transitions	4	0.8744201064109802
196	transitions	5	-0.2410677969455719
196	transitions	6	0.6896932721138
196	transitions	7	-0.5155901908874512
196	transitions	8	0.6048218607902527
196	transitions	9	0.6579602360725403
196	embedding2nn.weight	0	0.0781361311674118
196	embedding2nn.weight	1	0.23409070074558258
196	embedding2nn.weight	2	0.05276501923799515
196	embedding2nn.weight	3	-0.04990287497639656
196	embedding2nn.weight	4	-0.001805535750463605
196	embedding2nn.weight	5	-0.030065802857279778
196	embedding2nn.weight	6	0.13233256340026855
196	embedding2nn.weight	7	0.08267202228307724
196	embedding2nn.weight	8	-0.16086484491825104
196	embedding2nn.weight	9	-0.06660157442092896
196	embedding2nn.bias	0	0.015578501857817173
196	embedding2nn.bias	1	0.07505299150943756
196	embedding2nn.bias	2	0.1043800562620163
196	embedding2nn.bias	3	0.17294731736183167
196	embedding2nn.bias	4	0.1375497728586197
196	embedding2nn.bias	5	0.11403888463973999
196	embedding2nn.bias	6	-0.010212276130914688
196	embedding2nn.bias	7	-0.12526975572109222
196	embedding2nn.bias	8	0.3146558105945587
196	embedding2nn.bias	9	-0.04151390492916107
196	rnn.weight_ih_l0	0	0.036338720470666885
196	rnn.weight_ih_l0	1	-0.007963981479406357
196	rnn.weight_ih_l0	2	0.027459371834993362
196	rnn.weight_ih_l0	3	-0.04950323328375816
196	rnn.weight_ih_l0	4	-0.032293323427438736
196	rnn.weight_ih_l0	5	0.03859531506896019
196	rnn.weight_ih_l0	6	-0.020058736205101013
196	rnn.weight_ih_l0	7	0.02217080257833004
196	rnn.weight_ih_l0	8	-0.0662597194314003
196	rnn.weight_ih_l0	9	-0.019389992579817772
196	rnn.weight_hh_l0	0	0.006590968929231167
196	rnn.weight_hh_l0	1	0.05268654599785805
196	rnn.weight_hh_l0	2	-0.03676934167742729
196	rnn.weight_hh_l0	3	0.004919484257698059
196	rnn.weight_hh_l0	4	0.009876997210085392
196	rnn.weight_hh_l0	5	0.007804970256984234
196	rnn.weight_hh_l0	6	-0.054671306163072586
196	rnn.weight_hh_l0	7	-0.052807409316301346
196	rnn.weight_hh_l0	8	0.003860999597236514
196	rnn.weight_hh_l0	9	0.055945586413145065
196	rnn.bias_ih_l0	0	0.06273213773965836
196	rnn.bias_ih_l0	1	-0.04660467430949211
196	rnn.bias_ih_l0	2	-0.009016644209623337
196	rnn.bias_ih_l0	3	-0.08062422275543213
196	rnn.bias_ih_l0	4	0.01413039956241846
196	rnn.bias_ih_l0	5	-0.054610759019851685
196	rnn.bias_ih_l0	6	-0.08540672808885574
196	rnn.bias_ih_l0	7	-0.06621208786964417
196	rnn.bias_ih_l0	8	-0.00934978574514389
196	rnn.bias_ih_l0	9	0.0043701836839318275
196	rnn.bias_hh_l0	0	-0.0028897905722260475
196	rnn.bias_hh_l0	1	-0.08261218667030334
196	rnn.bias_hh_l0	2	-0.046277280896902084
196	rnn.bias_hh_l0	3	-0.12024430185556412
196	rnn.bias_hh_l0	4	0.03355880454182625
196	rnn.bias_hh_l0	5	-0.09032998234033585
196	rnn.bias_hh_l0	6	-0.14171916246414185
196	rnn.bias_hh_l0	7	-0.10230621695518494
196	rnn.bias_hh_l0	8	0.0601496696472168
196	rnn.bias_hh_l0	9	0.09730054438114166
196	rnn.weight_ih_l0_reverse	0	-0.021816790103912354
196	rnn.weight_ih_l0_reverse	1	-0.0554908812046051
196	rnn.weight_ih_l0_reverse	2	0.012780754826962948
196	rnn.weight_ih_l0_reverse	3	0.030536623671650887
196	rnn.weight_ih_l0_reverse	4	0.0794917643070221
196	rnn.weight_ih_l0_reverse	5	0.0136409942060709
196	rnn.weight_ih_l0_reverse	6	0.05555228888988495
196	rnn.weight_ih_l0_reverse	7	0.01139756664633751
196	rnn.weight_ih_l0_reverse	8	0.017429083585739136
196	rnn.weight_ih_l0_reverse	9	-0.012069589458405972
196	rnn.weight_hh_l0_reverse	0	-0.06150852143764496
196	rnn.weight_hh_l0_reverse	1	0.011988291516900063
196	rnn.weight_hh_l0_reverse	2	0.048263225704431534
196	rnn.weight_hh_l0_reverse	3	0.03583114594221115
196	rnn.weight_hh_l0_reverse	4	0.04559982195496559
196	rnn.weight_hh_l0_reverse	5	-0.001956614200025797
196	rnn.weight_hh_l0_reverse	6	-0.08708253502845764
196	rnn.weight_hh_l0_reverse	7	-0.05735289677977562
196	rnn.weight_hh_l0_reverse	8	-0.08788761496543884
196	rnn.weight_hh_l0_reverse	9	0.027397699654102325
196	rnn.bias_ih_l0_reverse	0	-0.04437760263681412
196	rnn.bias_ih_l0_reverse	1	0.07737521827220917
196	rnn.bias_ih_l0_reverse	2	-0.07921171933412552
196	rnn.bias_ih_l0_reverse	3	0.05177012458443642
196	rnn.bias_ih_l0_reverse	4	0.10114284604787827
196	rnn.bias_ih_l0_reverse	5	-0.10070677846670151
196	rnn.bias_ih_l0_reverse	6	-0.045685891062021255
196	rnn.bias_ih_l0_reverse	7	-0.06102216988801956
196	rnn.bias_ih_l0_reverse	8	0.07313638180494308
196	rnn.bias_ih_l0_reverse	9	0.050655871629714966
196	rnn.bias_hh_l0_reverse	0	-0.07332143932580948
196	rnn.bias_hh_l0_reverse	1	0.054653946310281754
196	rnn.bias_hh_l0_reverse	2	-0.11025494337081909
196	rnn.bias_hh_l0_reverse	3	-0.06844792515039444
196	rnn.bias_hh_l0_reverse	4	0.008902722969651222
196	rnn.bias_hh_l0_reverse	5	-0.0048167528584599495
196	rnn.bias_hh_l0_reverse	6	-0.006229124963283539
196	rnn.bias_hh_l0_reverse	7	-0.1011928990483284
196	rnn.bias_hh_l0_reverse	8	-0.10084312409162521
196	rnn.bias_hh_l0_reverse	9	-0.014047264121472836
196	linear.weight	0	0.11010556668043137
196	linear.weight	1	-0.0953265130519867
196	linear.weight	2	0.13737422227859497
196	linear.weight	3	0.07200787216424942
196	linear.weight	4	-0.16482122242450714
196	linear.weight	5	0.02853510156273842
196	linear.weight	6	0.030299175530672073
196	linear.weight	7	0.01395320799201727
196	linear.weight	8	-0.15522131323814392
196	linear.weight	9	-0.07844042778015137
196	linear.bias	0	-0.0036300979554653168
196	linear.bias	1	-1.48115873336792
196	linear.bias	2	1.042837142944336
196	linear.bias	3	0.3213341534137726
196	linear.bias	4	0.1766737401485443
196	linear.bias	5	-1.6136833429336548
196	linear.bias	6	2.504391670227051
196	linear.bias	7	-1.2985506057739258
196	linear.bias	8	-0.14059773087501526
196	linear.bias	9	3.003941535949707
224	transitions	0	-2.294430732727051
224	transitions	1	0.5066024661064148
224	transitions	2	2.989342212677002
224	transitions	3	0.5242545008659363
224	transitions	4	0.8737738132476807
224	transitions	5	-0.24116243422031403
224	transitions	6	0.6896763443946838
224	transitions	7	-0.5156043171882629
224	transitions	8	0.6044090390205383
224	transitions	9	0.6556914448738098
224	embedding2nn.weight	0	0.07723955065011978
224	embedding2nn.weight	1	0.23014876246452332
224	embedding2nn.weight	2	0.05749909579753876
224	embedding2nn.weight	3	-0.04940420761704445
224	embedding2nn.weight	4	0.0026648356579244137
224	embedding2nn.weight	5	-0.03724478557705879
224	embedding2nn.weight	6	0.13030153512954712
224	embedding2nn.weight	7	0.08638739585876465
224	embedding2nn.weight	8	-0.16056475043296814
224	embedding2nn.weight	9	-0.06530752032995224
224	embedding2nn.bias	0	-0.0008112528012134135
224	embedding2nn.bias	1	0.06831177324056625
224	embedding2nn.bias	2	0.10258419811725616
224	embedding2nn.bias	3	0.1848026067018509
224	embedding2nn.bias	4	0.14285239577293396
224	embedding2nn.bias	5	0.10933714359998703
224	embedding2nn.bias	6	0.01091852504760027
224	embedding2nn.bias	7	-0.1374746561050415
224	embedding2nn.bias	8	0.3104380965232849
224	embedding2nn.bias	9	-0.038881566375494
224	rnn.weight_ih_l0	0	0.04212202876806259
224	rnn.weight_ih_l0	1	-0.007167716044932604
224	rnn.weight_ih_l0	2	0.02781333401799202
224	rnn.weight_ih_l0	3	-0.050042007118463516
224	rnn.weight_ih_l0	4	-0.031966760754585266
224	rnn.weight_ih_l0	5	0.035459864884614944
224	rnn.weight_ih_l0	6	-0.018862145021557808
224	rnn.weight_ih_l0	7	0.021977461874485016
224	rnn.weight_ih_l0	8	-0.06775560975074768
224	rnn.weight_ih_l0	9	-0.019701221957802773
224	rnn.weight_hh_l0	0	0.006541579961776733
224	rnn.weight_hh_l0	1	0.052671194076538086
224	rnn.weight_hh_l0	2	-0.035844508558511734
224	rnn.weight_hh_l0	3	0.004227203316986561
224	rnn.weight_hh_l0	4	0.010000506415963173
224	rnn.weight_hh_l0	5	0.007704949006438255
224	rnn.weight_hh_l0	6	-0.054563794285058975
224	rnn.weight_hh_l0	7	-0.05291740596294403
224	rnn.weight_hh_l0	8	0.003656707936897874
224	rnn.weight_hh_l0	9	0.05609040707349777
224	rnn.bias_ih_l0	0	0.061187293380498886
224	rnn.bias_ih_l0	1	-0.046871863305568695
224	rnn.bias_ih_l0	2	-0.0033751113805919886
224	rnn.bias_ih_l0	3	-0.08217615634202957
224	rnn.bias_ih_l0	4	0.015202154405415058
224	rnn.bias_ih_l0	5	-0.05376695096492767
224	rnn.bias_ih_l0	6	-0.08521115034818649
224	rnn.bias_ih_l0	7	-0.06745986640453339
224	rnn.bias_ih_l0	8	-0.00789358839392662
224	rnn.bias_ih_l0	9	0.00519069517031312
224	rnn.bias_hh_l0	0	-0.009699823334813118
224	rnn.bias_hh_l0	1	-0.0797448605298996
224	rnn.bias_hh_l0	2	-0.0450979620218277
224	rnn.bias_hh_l0	3	-0.12015872448682785
224	rnn.bias_hh_l0	4	0.03186984360218048
224	rnn.bias_hh_l0	5	-0.09804558753967285
224	rnn.bias_hh_l0	6	-0.14141468703746796
224	rnn.bias_hh_l0	7	-0.10344579070806503
224	rnn.bias_hh_l0	8	0.0605396069586277
224	rnn.bias_hh_l0	9	0.0922989770770073
224	rnn.weight_ih_l0_reverse	0	-0.022181209176778793
224	rnn.weight_ih_l0_reverse	1	-0.049341972917318344
224	rnn.weight_ih_l0_reverse	2	0.013286266475915909
224	rnn.weight_ih_l0_reverse	3	0.0309543926268816
224	rnn.weight_ih_l0_reverse	4	0.07815176248550415
224	rnn.weight_ih_l0_reverse	5	0.018224764615297318
224	rnn.weight_ih_l0_reverse	6	0.05620649829506874
224	rnn.weight_ih_l0_reverse	7	0.012841152027249336
224	rnn.weight_ih_l0_reverse	8	0.01635274477303028
224	rnn.weight_ih_l0_reverse	9	-0.011960877105593681
224	rnn.weight_hh_l0_reverse	0	-0.061985865235328674
224	rnn.weight_hh_l0_reverse	1	0.012306639924645424
224	rnn.weight_hh_l0_reverse	2	0.04825452342629433
224	rnn.weight_hh_l0_reverse	3	0.03592229261994362
224	rnn.weight_hh_l0_reverse	4	0.0452813059091568
224	rnn.weight_hh_l0_reverse	5	-0.002161444863304496
224	rnn.weight_hh_l0_reverse	6	-0.08683189004659653
224	rnn.weight_hh_l0_reverse	7	-0.057386599481105804
224	rnn.weight_hh_l0_reverse	8	-0.08884933590888977
224	rnn.weight_hh_l0_reverse	9	0.02716737426817417
224	rnn.bias_ih_l0_reverse	0	-0.04373404011130333
224	rnn.bias_ih_l0_reverse	1	0.07514960318803787
224	rnn.bias_ih_l0_reverse	2	-0.07869324833154678
224	rnn.bias_ih_l0_reverse	3	0.0517810583114624
224	rnn.bias_ih_l0_reverse	4	0.11032756417989731
224	rnn.bias_ih_l0_reverse	5	-0.10086048394441605
224	rnn.bias_ih_l0_reverse	6	-0.05477803573012352
224	rnn.bias_ih_l0_reverse	7	-0.06281794607639313
224	rnn.bias_ih_l0_reverse	8	0.07483815401792526
224	rnn.bias_ih_l0_reverse	9	0.06115078181028366
224	rnn.bias_hh_l0_reverse	0	-0.07171666622161865
224	rnn.bias_hh_l0_reverse	1	0.03520230948925018
224	rnn.bias_hh_l0_reverse	2	-0.11080813407897949
224	rnn.bias_hh_l0_reverse	3	-0.06840381771326065
224	rnn.bias_hh_l0_reverse	4	0.005815919954329729
224	rnn.bias_hh_l0_reverse	5	-0.004726181272417307
224	rnn.bias_hh_l0_reverse	6	-0.00020105380099266768
224	rnn.bias_hh_l0_reverse	7	-0.0930950939655304
224	rnn.bias_hh_l0_reverse	8	-0.10258027911186218
224	rnn.bias_hh_l0_reverse	9	-0.010276209563016891
224	linear.weight	0	0.10684322565793991
224	linear.weight	1	-0.09510985761880875
224	linear.weight	2	0.12733618915081024
224	linear.weight	3	0.07097333669662476
224	linear.weight	4	-0.1656453013420105
224	linear.weight	5	0.024639802053570747
224	linear.weight	6	0.030299175530672073
224	linear.weight	7	0.014451001770794392
224	linear.weight	8	-0.1484527736902237
224	linear.weight	9	-0.08674507588148117
224	linear.bias	0	-0.0036300979554653168
224	linear.bias	1	-1.4817508459091187
224	linear.bias	2	1.1619600057601929
224	linear.bias	3	0.3402351140975952
224	linear.bias	4	0.1698923110961914
224	linear.bias	5	-1.6138783693313599
224	linear.bias	6	2.5098042488098145
224	linear.bias	7	-1.2955491542816162
224	linear.bias	8	-0.14567795395851135
224	linear.bias	9	2.903501033782959
252	transitions	0	-2.294693946838379
252	transitions	1	0.5065897703170776
252	transitions	2	2.984095335006714
252	transitions	3	0.525669515132904
252	transitions	4	0.8733661770820618
252	transitions	5	-0.24128660559654236
252	transitions	6	0.6896640658378601
252	transitions	7	-0.5156252980232239
252	transitions	8	0.6039922833442688
252	transitions	9	0.6540542840957642
252	embedding2nn.weight	0	0.08082060515880585
252	embedding2nn.weight	1	0.22973376512527466
252	embedding2nn.weight	2	0.059141408652067184
252	embedding2nn.weight	3	-0.044100966304540634
252	embedding2nn.weight	4	0.005945943295955658
252	embedding2nn.weight	5	-0.031157996505498886
252	embedding2nn.weight	6	0.13665416836738586
252	embedding2nn.weight	7	0.091318279504776
252	embedding2nn.weight	8	-0.1616516411304474
252	embedding2nn.weight	9	-0.06935262680053711
252	embedding2nn.bias	0	0.016015470027923584
252	embedding2nn.bias	1	0.06975948065519333
252	embedding2nn.bias	2	0.10732559114694595
252	embedding2nn.bias	3	0.19503885507583618
252	embedding2nn.bias	4	0.14492769539356232
252	embedding2nn.bias	5	0.12424416095018387
252	embedding2nn.bias	6	0.006176882889121771
252	embedding2nn.bias	7	-0.14192207157611847
252	embedding2nn.bias	8	0.3202047646045685
252	embedding2nn.bias	9	-0.049178674817085266
252	rnn.weight_ih_l0	0	0.032561179250478745
252	rnn.weight_ih_l0	1	-0.007531898096203804
252	rnn.weight_ih_l0	2	0.028012938797473907
252	rnn.weight_ih_l0	3	-0.04926060885190964
252	rnn.weight_ih_l0	4	-0.03144560381770134
252	rnn.weight_ih_l0	5	0.04848626255989075
252	rnn.weight_ih_l0	6	-0.018814461305737495
252	rnn.weight_ih_l0	7	0.02192651852965355
252	rnn.weight_ih_l0	8	-0.06717009842395782
252	rnn.weight_ih_l0	9	-0.019056269899010658
252	rnn.weight_hh_l0	0	0.006451650522649288
252	rnn.weight_hh_l0	1	0.05291496589779854
252	rnn.weight_hh_l0	2	-0.03522259369492531
252	rnn.weight_hh_l0	3	0.003822192084044218
252	rnn.weight_hh_l0	4	0.009851342998445034
252	rnn.weight_hh_l0	5	0.007058572489768267
252	rnn.weight_hh_l0	6	-0.05508379638195038
252	rnn.weight_hh_l0	7	-0.052852023392915726
252	rnn.weight_hh_l0	8	0.0037249657325446606
252	rnn.weight_hh_l0	9	0.05621163919568062
252	rnn.bias_ih_l0	0	0.062372319400310516
252	rnn.bias_ih_l0	1	-0.0473693311214447
252	rnn.bias_ih_l0	2	-0.00653700390830636
252	rnn.bias_ih_l0	3	-0.08144412934780121
252	rnn.bias_ih_l0	4	0.015462750568985939
252	rnn.bias_ih_l0	5	-0.05455682799220085
252	rnn.bias_ih_l0	6	-0.0818890780210495
252	rnn.bias_ih_l0	7	-0.06915657222270966
252	rnn.bias_ih_l0	8	-0.00890315230935812
252	rnn.bias_ih_l0	9	0.005754686892032623
252	rnn.bias_hh_l0	0	-0.015545740723609924
252	rnn.bias_hh_l0	1	-0.0799715667963028
252	rnn.bias_hh_l0	2	-0.047346536070108414
252	rnn.bias_hh_l0	3	-0.11983548849821091
252	rnn.bias_hh_l0	4	0.03238844871520996
252	rnn.bias_hh_l0	5	-0.10966802388429642
252	rnn.bias_hh_l0	6	-0.14248768985271454
252	rnn.bias_hh_l0	7	-0.10445909202098846
252	rnn.bias_hh_l0	8	0.059825874865055084
252	rnn.bias_hh_l0	9	0.09810241311788559
252	rnn.weight_ih_l0_reverse	0	-0.022918740287423134
252	rnn.weight_ih_l0_reverse	1	-0.045161280781030655
252	rnn.weight_ih_l0_reverse	2	0.012456459924578667
252	rnn.weight_ih_l0_reverse	3	0.02827604115009308
252	rnn.weight_ih_l0_reverse	4	0.08080089092254639
252	rnn.weight_ih_l0_reverse	5	0.017292721197009087
252	rnn.weight_ih_l0_reverse	6	0.05652137100696564
252	rnn.weight_ih_l0_reverse	7	0.011863695457577705
252	rnn.weight_ih_l0_reverse	8	0.01617097482085228
252	rnn.weight_ih_l0_reverse	9	-0.012544792145490646
252	rnn.weight_hh_l0_reverse	0	-0.0617595911026001
252	rnn.weight_hh_l0_reverse	1	0.012413647957146168
252	rnn.weight_hh_l0_reverse	2	0.048141635954380035
252	rnn.weight_hh_l0_reverse	3	0.03595399484038353
252	rnn.weight_hh_l0_reverse	4	0.04531281068921089
252	rnn.weight_hh_l0_reverse	5	-0.002331990748643875
252	rnn.weight_hh_l0_reverse	6	-0.08691354095935822
252	rnn.weight_hh_l0_reverse	7	-0.057239457964897156
252	rnn.weight_hh_l0_reverse	8	-0.09022475779056549
252	rnn.weight_hh_l0_reverse	9	0.027796385809779167
252	rnn.bias_ih_l0_reverse	0	-0.04698356240987778
252	rnn.bias_ih_l0_reverse	1	0.07524808496236801
252	rnn.bias_ih_l0_reverse	2	-0.07834244519472122
252	rnn.bias_ih_l0_reverse	3	0.05163707956671715
252	rnn.bias_ih_l0_reverse	4	0.10034361481666565
252	rnn.bias_ih_l0_reverse	5	-0.10066139698028564
252	rnn.bias_ih_l0_reverse	6	-0.04416419938206673
252	rnn.bias_ih_l0_reverse	7	-0.06212843209505081
252	rnn.bias_ih_l0_reverse	8	0.07734306156635284
252	rnn.bias_ih_l0_reverse	9	0.06237022951245308
252	rnn.bias_hh_l0_reverse	0	-0.06782645732164383
252	rnn.bias_hh_l0_reverse	1	0.04555138945579529
252	rnn.bias_hh_l0_reverse	2	-0.11066989600658417
252	rnn.bias_hh_l0_reverse	3	-0.06696739047765732
252	rnn.bias_hh_l0_reverse	4	0.006795503199100494
252	rnn.bias_hh_l0_reverse	5	-0.004513937048614025
252	rnn.bias_hh_l0_reverse	6	0.0014458753867074847
252	rnn.bias_hh_l0_reverse	7	-0.09397201985120773
252	rnn.bias_hh_l0_reverse	8	-0.10411007702350616
252	rnn.bias_hh_l0_reverse	9	-0.006969951093196869
252	linear.weight	0	0.10275865346193314
252	linear.weight	1	-0.09541391581296921
252	linear.weight	2	0.14337803423404694
252	linear.weight	3	0.070992112159729
252	linear.weight	4	-0.1613187938928604
252	linear.weight	5	0.028181759640574455
252	linear.weight	6	0.030299175530672073
252	linear.weight	7	0.014188239350914955
252	linear.weight	8	-0.15347851812839508
252	linear.weight	9	-0.08986088633537292
252	linear.bias	0	-0.0036300979554653168
252	linear.bias	1	-1.4823299646377563
252	linear.bias	2	1.008134365081787
252	linear.bias	3	0.33304154872894287
252	linear.bias	4	0.18172992765903473
252	linear.bias	5	-1.6094305515289307
252	linear.bias	6	2.496209144592285
252	linear.bias	7	-1.294230341911316
252	linear.bias	8	-0.13786090910434723
252	linear.bias	9	3.034442663192749
